"activityID"|"subjectID"|"activityID"|"subjectID"|"frequencyBodyAccMeanFreqX"|"frequencyBodyAccMeanFreqY"|"frequencyBodyAccMeanFreqZ"|"frequencyBodyAccJerkMeanFreqX"|"frequencyBodyAccJerkMeanFreqY"|"frequencyBodyAccJerkMeanFreqZ"|"frequencyBodyGyroMeanFreqX"|"frequencyBodyGyroMeanFreqY"|"frequencyBodyGyroMeanFreqZ"|"frequencyBodyAccMagMeanFreq"|"frequencyBodyBodyAccJerkMagMeanFreq"|"frequencyBodyBodyGyroMagMeanFreq"|"frequencyBodyBodyGyroJerkMagMeanFreq"|"angletBodyAccMean_gravity"|"angletBodyAccJerkMean_gravityMean"|"angletBodyGyroMean_gravityMean"|"angletBodyGyroJerkMean_gravityMean"
1|1|1|1|-0.207548374494737|0.113093646103158|0.0497265196172632|-0.209261973376842|-0.386237143210526|-0.185530281244211|0.0147844986621053|-0.0657746190010526|0.00077332156431579|0.1906437244|0.0938221807027368|0.268844367525895|0.190663448793684|0.0604537474147368|-0.00793037848421052|0.0130594907157895|-0.0187431910452632
2|1|2|1|-0.418735000377359|-0.160697213516981|-0.520114793584906|-0.377023128301887|-0.509495531698113|-0.551104284150943|-0.187450247737736|-0.473574786603774|-0.133373904258491|-0.0977433496415094|0.085352409154717|-0.219303376110566|0.114277342454717|0.0960860761792453|-0.0610838413018868|-0.194699963113208|0.0656835692641509
3|1|3|1|-0.307395198687755|0.0632200839346939|0.294322700810612|-0.253164344918367|-0.33758970122449|0.00937223889183673|-0.100453729040816|0.0825511487183673|-0.0756762067714286|0.119187142767959|0.0764915474326531|0.349613895469388|0.190000706165102|-0.00269512515918367|0.0899316865510204|0.0633382849183673|-0.0399768458163265
4|1|4|1|-0.0495135975489362|0.0759460768510638|0.238829870148936|0.256610823568085|0.0475437839595745|0.0923920032553192|0.189153021260851|0.0631270669787234|-0.0297839207446809|0.236655011680851|0.351852201957447|-0.000262186717021277|0.184775928085106|0.0274415479191489|0.0297097878297872|0.0676981338723404|-0.064881619087234
5|1|5|1|0.0865153619088679|0.117478948718868|0.244858585792453|0.314182940150943|0.0391618954943396|0.138581478749057|-0.120293020603774|-0.0447191978169811|0.100607635139623|0.284555290773585|0.422220102264151|-0.0286057725328302|0.334498734301887|-0.000222340747169812|0.021963782690566|-0.0337938382037736|-0.0279229321962264
6|1|6|1|-0.158792670508|0.097534841586|0.08943765522|0.132419092398|0.024513618956|0.02438794528|-0.003546795856|-0.091529130882|0.01045812566|0.08640856294|0.26639115416|-0.1397750127|0.17648590708|0.0213659655642|0.00306040735|-0.001666984698|0.08443716468
1|2|1|2|-0.14579548970339|0.198586466508475|0.0688995208186441|-0.0727101584479661|-0.263574018186441|-0.254846438755932|0.00727967988474576|-0.0427009322372881|0.139752115269492|0.393206208305085|0.20750092670339|0.305283825254237|0.126344614439492|-0.0301017378813559|0.0534005800847458|0.0216196774508475|-0.0858470827457627
2|2|2|2|-0.281748011416667|-0.0618894458958333|-0.236589092316958|-0.0491142923541667|-0.287688885375|-0.374218484791667|-0.115324433733333|-0.130357850675|-0.0773418117291667|0.107680395229167|-0.0119168233583333|-0.022752769044375|0.0467433991041667|0.0946511080666667|-0.00775466904166667|0.01538156125|-0.081031303125
3|2|3|2|-0.273711609659574|0.0119309606468085|0.0903678546504255|-0.143898149531915|-0.357514501744681|-0.234703932446809|-0.0375298023191489|0.0770894557234043|0.1367749584|0.0938321297617021|0.0188355111404255|0.103971241706383|-0.0512479640553192|-0.0243291092914894|-0.00637550521276596|0.366551180212766|-0.073580298587234
4|2|4|2|0.08519282071|0.150193956163043|0.0960646759586957|0.305546818084783|0.0262448647134783|0.0929030630369565|0.130523120891304|-0.192142737913043|0.0409472348676087|0.130934202854348|0.280062423956522|-0.106358909173913|0.1947221493|0.0395284311165435|-0.00339286689565217|0.0209731695434783|-0.0762041966043478
5|2|5|2|0.108519182924074|0.0623378066683333|0.104462499601852|0.331449281481482|-0.0569368291814815|0.0396498183462963|-0.107416045074074|-0.171160370096296|0.000226810610740739|0.119649963903704|0.304871865218519|-0.0661266045796296|0.160662823925926|-0.013681915312963|0.0411822244577778|-0.0151035161722222|0.11232464912963
6|2|6|2|-0.146482792591667|0.2572894655|0.402532553395833|0.159808328563875|0.1212064240125|0.190558218145833|0.10261131938125|0.04228066839375|0.0552985986479167|0.2662982125|0.3417585745|0.01856447223125|0.264801505395833|0.005791809625|-0.00635557646875|0.0652860108125|-0.0293710088554167
1|3|1|3|-0.246614196618966|0.171743003017241|0.0748536557377586|-0.216042668103448|-0.258667984862069|-0.346946648103448|0.0337596901293103|-0.0379896505362069|-0.0445079738913793|0.113494312836207|-0.11716398312069|0.180946463034483|0.0457622957586207|0.0527502832051724|-0.0763020648793103|0.0968438316206897|-0.0366892195344828
2|3|2|3|-0.461249740508475|-0.100019162177966|-0.278895911347458|-0.325151127440678|-0.453789820355932|-0.442664136271186|-0.145536204410169|-0.339321487559322|-0.102013834094915|0.0238218745338983|0.0904944091525424|-0.177730591459322|0.0753843584661017|0.0134885571016949|0.115176801183051|-0.263078223220339|0.0303992495084746
3|3|3|3|-0.325863694730612|0.0529065241102041|-0.0566003044840816|-0.229599432510204|-0.356023306938775|-0.274421716|-0.159888621187755|-0.109972458132653|0.0910072841755102|0.0439616686306122|0.0434967841218367|-0.0516699550093633|0.0654444360816327|-0.0475794238163265|-0.0108494994238776|0.313783896122449|-0.077283993244898
4|3|4|3|0.0312989368846154|-0.00661630574807692|0.0478619586153846|0.215731832596154|-0.0959148729942308|-0.0437473433390385|0.0520844490903846|-0.166042259123077|-0.0387467420096154|0.02816007875|0.286795769778846|-0.115525765230769|0.0871902338923077|0.0327172863134615|0.00407829679403846|0.0643706655192308|-0.0252355469096154
5|3|5|3|-0.087024832195082|-0.128180130065574|0.00771897878688524|0.0749564403088525|-0.258164810172131|-0.112367641836066|-0.297107441654098|-0.316011207026229|-0.229120091067541|-0.000332753967377052|0.129816297732787|-0.309822161422951|-0.020630781795082|0.00772770563770492|0.0246545250622951|0.00979910903278689|-0.0505440714639344
6|3|6|3|-0.0739526439887097|0.238470751435484|0.216971671672581|0.17597855438871|-0.0131774961758065|0.0448196905903226|-0.0822166454290323|-0.0266820108903226|0.147686455548065|0.236990127870968|0.238611133937097|-0.0229296114693548|0.110697704185484|0.0178959376270161|0.0166479534356452|0.0455874765919355|0.0317261682790323
1|4|1|4|-0.13859163673|0.0123477342916667|-0.0787892636928333|-0.1352803947515|-0.385880862833333|-0.325737503675|-0.12715408578|-0.27466563765|0.149851534733333|0.382096409966667|0.111486484954333|0.0697301245295|0.26535537398|-0.0120097781333333|0.00092110448333333|0.0177813678333333|0.0554159672016667
2|4|2|4|-0.486811749615385|-0.0662348475480769|-0.230536706554615|-0.379653611346154|-0.39270192625|-0.319649297096154|-0.206073104096154|-0.491527600961538|-0.130134208057692|-0.108017171661154|0.0497462736942308|-0.150274479246154|0.179517012258654|0.0592051541692308|-0.00506236538461539|-0.246559359423077|0.0535172503461538
3|4|3|4|-0.342285696395556|0.213581745013333|0.0478375669635111|-0.179115175957778|-0.181293185048889|-0.169702261222222|-0.127145376957778|-0.185485631124444|0.3770740968|0.101078170917778|0.0926236938266667|0.0600292045888889|0.144436925733333|0.000633759377777773|-0.0525297218666667|0.353626044222222|-0.0625619543688889
4|4|4|4|0.037381761194|0.07878600934|0.01209426602|0.2130199199042|-0.075289966262|0.012245576986|0.1090926580982|-0.394745539548|-0.1457260342|0.028092110644|0.22719801466|-0.20008475764|0.08593420296|-0.010753474716|-0.0075990574098|-0.032687279624|-0.0595747229
5|4|5|4|0.0620999958378571|-0.0669875048642857|-0.0377822772491071|0.2722139805|-0.126450632983929|0.0711056632839286|-0.2748096406875|-0.364372374642857|-0.223109154546429|-0.102971757742857|0.201262207319643|-0.286128312085714|0.0609850024464286|0.0147312363133929|0.0045729088625|0.101339340914286|0.0257192449821429
6|4|6|4|-0.274194618766667|0.366231448994444|0.201329591976111|0.182436483157407|0.0987428836296296|0.0770211165|-0.0660921823944444|-0.526889995562963|0.152886311603704|0.241697899814815|0.274027349574074|-0.259851969798148|0.202949381537037|-0.00235775253703703|-0.0155037568068519|0.0071296052962963|0.036656730987037
1|5|1|5|-0.322382010942857|-0.00204051097321429|0.0247389728696429|-0.359372577678571|-0.534049822678571|-0.3441509245|-0.0458601936214286|-0.0191860123089286|0.167457819108929|0.149852522225|-0.00497287788214286|0.250620609769643|0.0527330125375|-0.0322868203928571|-0.0117215775714286|0.0237357261964286|-0.0348937053392857
2|5|2|5|-0.427706137489362|-0.122487323859574|-0.135264615917021|-0.397835581489362|-0.577009359574468|-0.339640932702128|-0.0615803357659574|-0.138063832148936|0.0608132840234043|-0.020494853812766|0.124513300170213|-0.0234001987774468|0.00578631120914894|-0.0204224405851064|-0.0772287023617021|-0.293346475531915|0.112446922106383
3|5|3|5|-0.45352450106383|0.0363662394234043|-0.00437220373021277|-0.350911621829787|-0.470994737234043|-0.303523360659574|-0.00892286550425532|-0.00764242092148936|0.211555807|-0.0137055065085106|0.110968064831915|0.204633757510638|0.0723815085255319|-0.0397384617021277|-0.0414008516170213|0.123686466212766|-0.00140446813617022
4|5|4|5|-0.0209330490795455|0.0684590033636364|0.0403161796295455|0.0757356169022727|-0.131861736040909|-0.0644960732795455|0.125891358536364|-0.187706341013636|0.0966833908409091|0.0586075165227273|0.245936717454545|-0.00578350086590909|0.08129013264|0.0287036466522727|-0.0209532538863636|-0.0178752189840909|-0.0885933937022727
5|5|5|5|-0.0164066779678571|-0.00894413194107143|-0.028287522525|0.150463078469643|-0.143681804520893|-0.0333637020357143|-0.178598410944643|-0.162944927001786|-0.109180363773214|-0.0169422323298214|0.140971600726786|-0.157768871232143|-0.0393135966410714|-0.00860856932142857|-0.00572224394107143|0.0866990453375|-0.0828789318410714
6|5|6|5|-0.135632454076923|0.466528231788462|0.132310871284615|0.239915157321154|0.195677336307692|0.0916938788480769|-0.0227235857115385|0.06812484775|0.0413600281009615|0.292032094967308|0.197005001461538|0.102441765923077|0.0247367106615385|0.0212091926730769|0.0553647963480769|-0.00581288916980769|-0.0344420261538462
1|6|1|6|-0.196841736649123|0.0220734188245614|0.185107042277193|-0.178295181261404|-0.466305754035088|-0.104129449033509|0.0912409729185965|0.0416267535368421|0.302874949789474|0.20009036395614|-0.00922884645438597|0.293109613491228|0.10092473178193|-0.0680347059298246|0.00559532819298245|-0.0510580447719298|-0.0818817931526316
2|6|2|6|-0.44512058675098|-0.0948830032690196|-0.0667867912058824|-0.441959115607843|-0.501170339607843|-0.401683801941176|-0.0559140146313725|-0.129471190964706|0.0102927666117647|-0.0140154345627451|-0.0612378407705882|0.0144807316545098|0.0285053836466667|0.00864138094705883|0.00321117401960784|0.128194466470588|-0.0993653566196078
3|6|3|6|-0.41164933625|0.021911178210625|0.3062531664375|-0.315757694854167|-0.48434366125|-0.0348254245729167|0.00150446630625|0.15112587523125|0.3029636429375|0.106479482332292|-0.00160659497083333|0.230693028479167|0.0369462966260417|-0.0453085168958333|-0.0358369679166667|0.312706787791667|-0.207129263041667
4|6|4|6|0.00304695404363636|0.123381829747273|0.0818455300187273|0.0999400617187273|-0.150934459496364|-0.0913484667963636|0.139409516872727|-0.129239217950909|0.0438103632909091|0.128902046152727|0.171844519818182|0.0461735838090909|0.121846501998182|0.00232762371945455|-0.0238156430418182|0.0479272445938182|-0.0351476023527273
5|6|5|6|0.0664521774298246|-0.0866319977508772|0.0208815076140351|0.186559227035088|-0.251013912454386|-0.0715339890175439|-0.114716166140877|-0.195978463377193|-0.0778747190508772|0.0373542193561403|0.190943682210526|-0.0701196902631579|0.0276252654912281|0.0123494545684211|-0.00737862488596491|0.0672693934912281|0.0586938250175439
6|6|6|6|-0.219729934157895|0.348418746140351|0.161457927833333|0.0114731894070175|-0.0222029460298246|0.0784684032122807|0.102549066280877|0.0236567802333333|0.0445225537614035|0.1446050868|0.182525077889474|0.119317522942105|0.16376531874386|0.0049894390845614|0.032217035422807|0.0859389874070175|-0.0350566811964912
1|7|1|7|-0.313727371842105|0.160434129035088|0.124630171101754|-0.284586506210526|-0.287013819157895|-0.244831719878947|0.111912537380702|0.273141323315789|0.0143564054561404|0.172997883545614|-0.0127446365087719|0.300315718087719|0.000880340047368421|-0.0236143875614035|-0.00538084219298246|-0.0526936636491228|0.0538950093298246
2|7|2|7|-0.432684590196078|-0.135079176790196|-0.273730521360588|-0.391182549629412|-0.425313822294118|-0.62755547372549|-0.329345936647059|-0.0541175360431373|-0.346105575254902|-0.0892278153411765|0.0458636458607843|-0.165200896648451|0.047334927254902|0.0175799693921569|0.0140026345745098|0.106104406862745|-0.117697297115686
3|7|3|7|-0.365650549446809|-0.0314736615829787|0.0824424244404255|-0.333627288978723|-0.414196284085106|-0.382024151510638|-0.219867702034043|0.20056627145234|0.0076371946|0.00380298110638298|-0.0373844402161702|0.235200926489362|0.0819463659585106|-0.0386153597021277|-0.0307260213404255|0.259901814042553|-0.100218023523404
4|7|4|7|-0.0334312226625|0.0147166711666667|-0.1017660835625|0.180132581508333|-0.0815021323520833|-0.0857527580416667|-0.071630230475|-0.308762329160625|-0.0187739586583333|-0.0112330111875|0.18122972525|-0.142830891383333|0.0553638918958333|0.01363659838625|-0.03875147675625|-0.0183698506666667|-0.0327575471666667
5|7|5|7|-0.079704728245283|-0.159730059003774|0.00098894010754717|0.098774853689|-0.188479735466038|-0.0891602062907547|-0.188057605981132|-0.298448698150943|-0.188116628033962|-0.0288451773293208|0.256759439860377|-0.187181670020755|0.0954707400377358|0.0102468976660377|-0.0238336055150943|-0.075886457490566|-0.00760634756603773
6|7|6|7|-0.635913046346154|-0.0438292665807692|0.237111987323077|0.0207159202961538|-0.0451342616019231|0.0945605852|-0.139745225083077|-0.453725644769231|0.0144682871075|-0.129091025169231|0.217605286703846|-0.265784491092308|0.104422952923077|0.0364477050365385|0.0199228239403846|0.0630163120384615|0.0486243772639231
1|8|1|8|-0.380892405770833|0.00356163764166667|0.111947205354167|-0.345898115416667|-0.4192779011875|-0.2474853992125|-0.176032065666667|-0.102881607560417|-0.218800753760417|0.204080887916667|0.176189876266667|0.0890005737952083|0.294590006666667|0.0738615334791667|-0.0331417690625|-0.185503909375|0.045002304125
2|8|2|8|-0.290117827804878|-0.100254405917073|-0.191852656439024|-0.115989564712683|-0.344029932341463|-0.368783012195122|-0.221044979219512|-0.184403755490244|-0.296234666504878|0.207071289558293|0.27454925895122|-0.128115003341463|0.251663318243902|0.0767267882926829|-0.0979335780731707|-0.389305120341463|0.0663775281158537
3|8|3|8|-0.200757851|0.0511555478315789|0.223078489563158|-0.170997897197368|-0.337650965236842|-0.180391338523684|-0.177172958760526|0.0716794237631579|-0.00513040190789474|0.229144569581579|0.181422535965789|0.267675982868421|0.242843618736842|-0.0143680611052632|-0.119465358184211|0.265290535078947|-0.161871531676316
4|8|4|8|-0.164187373097826|0.107278338519565|0.060048457826087|0.227828617|0.0527157003152174|0.00883768081521739|0.116741556823913|-0.261139449513043|-0.0430176558469565|0.121543001092174|0.306787560913043|-0.141126202673913|0.166638747782609|0.0119896311543478|-0.0175702777717391|0.0121244455695652|-0.0380769897826087
5|8|5|8|0.0231155666555556|0.0771842726148148|0.121181473814815|0.267296230824074|-0.0598195579537037|0.0692831244296296|-0.154243187048148|-0.197392513112963|0.0222011082111111|0.110646845581481|0.308060633885185|-0.108780315687387|0.179173689962963|0.0258949006127778|-0.00820462124444444|0.0152465735555556|-0.0319347857407407
6|8|6|8|-0.307248374366667|0.00539754357407408|0.192435787087778|0.164984298959259|0.00667286421111111|0.120248739635185|-0.105590903972222|-0.199880205519074|0.213568382200185|0.0484988463518519|0.350822601333333|-0.0620563752462963|0.219371246142593|-0.0244904310703704|-0.0219448739555556|0.0106333070925926|0.0137316829166667
1|9|1|9|-0.310727563365385|0.0213195015442308|0.0237831761442308|-0.378291493076923|-0.389047303846154|-0.366570477826923|-0.200624503730769|0.0164815831107692|-0.152103721057692|0.161672988528846|0.159239938555769|0.127416241121154|0.243222181771154|-0.0259657901346154|0.0623476589538462|0.121321075826923|-0.0265764240576923
2|9|2|9|-0.341219678720408|-0.247086151469388|-0.215203992816327|-0.427211088244898|-0.52927597244898|-0.547022216326531|-0.284881768510204|-0.414946340204082|-0.507490866734694|-0.00195427494897959|0.0257597455510204|-0.259962957795918|0.136001150144898|0.129153963587755|0.00188403497959184|0.0931479457142857|0.00109297840408163
3|9|3|9|-0.440633905714286|0.0625058243738095|-0.0424266601952381|-0.43402213|-0.232042826333571|-0.330318261928571|-0.165224231566667|-0.00351697116904762|-0.115191992546667|-0.0498273898880952|-0.0824504599928571|0.0656782201880952|0.132021014566667|-0.112277655214286|-0.0921238957047619|0.201647894145714|-0.0711949931095238
4|9|4|9|-0.109383841734|-0.120093395898|-0.1317488734546|0.02039798558|-0.27190085077|-0.267665734806|-0.128144114548|-0.359739581712|-0.17324215306|-0.08061344386|0.0974700202614|-0.19597005159|0.031534866288|0.0213074293|-0.031930473586|0.01983366452|-0.0944429619
5|9|5|9|-0.105711680368889|-0.00378721862222222|0.000165424148888888|-0.0235041479111111|-0.0981894026|-0.128067958244444|-0.222857823644444|-0.348959970422222|-0.16576126334|0.0235738706622222|0.200537688288889|-0.174953568622222|0.0243650848444444|0.0116017230222222|0.00486631672888889|0.0457096772222222|0.0328201066444444
6|9|6|9|-0.4459627774628|-0.215336752654|0.17810728092|-0.08503093738|-0.227093669698|-0.094374360132|-0.23069917904112|-0.321206958058|-0.055125413678|-0.085609052452|0.1670029826292|-0.20634356866|-0.016201378678|0.000991077232|-0.021817851338|0.052062224042|0.018204470058
1|10|1|10|-0.26332591785283|0.243797496811321|0.25896796635283|-0.260130638807547|-0.148445687402075|0.0557990906603774|-0.0933671419018868|-0.122109929924528|-0.129800372109434|0.179599864783019|-0.0712853941698113|0.129100106828302|-0.000234019224528301|-0.0198411322830189|-0.0428316086415094|-0.125263284139623|0.0990779386943396
2|10|2|10|-0.300390927148936|-0.0035449232893617|-0.289969419042553|-0.230337514021277|-0.370854829787234|-0.328583308468085|-0.235765046724681|-0.421428722680851|-0.135478697270213|0.0879049622851064|0.178734933145745|-0.194447276040426|0.158591030929787|0.110293662446809|-0.00753000246808511|-0.263603869021277|0.153637457706383
3|10|3|10|-0.321679050052632|0.0667192523289474|0.257067314407895|-0.236779781631579|-0.297763023710526|0.0189821663447368|-0.177215651634211|-0.00555958745263158|-0.0448928718421053|0.164428829157895|0.125205953456842|0.0774362595943947|0.178773116957895|-0.0333449637368421|-0.03416183895|0.277642295578947|-0.0701917751421053
4|10|4|10|-0.0826140728898148|0.0279319737981482|0.23364402002912|0.193449216333333|-0.0261859265331481|0.117530736503704|0.214105020574074|0.0677252285555556|-0.084443595962963|0.221566081296296|0.324762092796296|0.00581337385185185|0.344008502777778|-0.000753881064814814|0.0412403814888889|0.00358191413875926|-0.0539752572944444
5|10|5|10|0.159123629063636|-0.0126234259545455|0.0776098480747727|0.253301389636364|-0.187095243409091|0.00562873853409091|-0.281787222606818|-0.164082230704545|-0.0988874452431818|0.0902454673818182|0.197319524797727|-0.226492596295455|0.0133897488363636|-0.0137904686068182|0.0303705889893182|0.03361076375|0.114195806227273
6|10|6|10|-0.14052022862069|0.200554088396552|0.317328874567241|0.0485572099491379|0.0425942300482759|0.146112721943103|0.0707575751344828|0.0713125646482759|0.157620505460345|0.260388946262069|0.212826187810345|0.216535434472414|0.202624700274138|-0.0238729803927759|-0.0121815291103448|0.0199111335706897|0.0583224275034483
1|11|1|11|-0.37360793220339|0.0128761033966102|0.0404557559132203|-0.353419932627119|-0.427889402576271|-0.0923919508661017|-0.175946093932203|-0.297177112525424|-0.184065788254237|0.0935818048854746|0.0844543080474576|-0.0748370693566102|0.0563648369084746|0.0619381137627119|-0.0436671078627119|0.0579730796779661|0.0128608812542373
2|11|2|11|-0.52447937047037|-0.189232158777778|-0.486549897222222|-0.446992354759259|-0.461641074074074|-0.482497119833333|-0.245040398462963|-0.63553191687037|-0.183328377796296|-0.137089383|0.0149014800925926|-0.377996100925926|0.0153270269092593|-0.0168575571111111|-0.0632903681592593|-0.00955657777777778|-0.0708590174814815
3|11|3|11|-0.400296382043478|-0.0561892264956522|0.00531445170652174|-0.338849974521739|-0.455972775869565|-0.244414661282609|-0.263295935608696|-0.255277887913043|-0.150480042398261|0.0316725683978261|0.0337475179993478|-0.169884463904348|-0.00942507352173913|-0.0465072536521739|0.0251428884217391|0.297576119782609|-0.223672056052174
4|11|4|11|-0.050340397354717|0.0967747743339623|0.243469786396226|0.153320197518868|-0.0805058031716981|0.0755982625849057|0.115678529336604|-0.102473210571698|-0.0459579465849057|0.198648837339623|0.192259107913208|-0.0398966601509434|0.159345366839623|-0.0117860105754717|-0.010568244054717|-0.00398002958490566|-0.0254148949339623
5|11|5|11|0.0890102416978723|0.0557408976489362|0.292390245638298|0.312171839674468|-0.0305094144893617|0.120740566368085|-0.129935993361702|0.11920123437234|-0.0212967788297872|0.233078227234043|0.333098929765957|-0.0478486176276596|0.223297408893617|-0.00231669177765958|-0.0139522134659574|0.0185935504468085|0.0126784429404255
6|11|6|11|-0.0637709766210526|0.251945472245614|0.22603584097193|0.178104551486316|0.00344999603508772|0.0300169449866667|0.00610819990350877|0.104942477754386|0.0963568933754386|0.336010660578947|0.29574789545614|0.0406004062738596|0.256034976912281|0.00275033849298246|0.00143538724210526|-0.0220259476017544|0.0529916131647368
1|12|1|12|-0.26142601202|0.149107488714|0.17080294938|-0.2811065665|-0.22346071292|-0.18200755164|0.020408840122|-0.025458442506|-0.027904118422|0.25226775306|0.018449461946|0.14607536673|0.0777777588444|0.044980068738|0.0160849354|0.17552942728|-0.097263564
2|12|2|12|-0.420235639230769|-0.105269653898077|-0.217216987155769|-0.331247540442308|-0.380249904980769|-0.323446377115385|-0.158314160701923|-0.351127976519231|-0.224541879673077|-0.00111843704807692|0.0842262704980769|-0.107077796403846|0.0978624347986538|0.052339373075|0.0388568273076923|0.0959064265384615|-0.0899947208269231
3|12|3|12|-0.332249174152174|0.0793321823326087|0.234833312645652|-0.212787743043478|-0.386695904413043|-0.0985623112521739|-0.0548123387391304|0.110212109891304|0.0410165249913043|0.078615024478587|0.0415244209043478|0.113540447665217|0.0658769890173913|-0.0265533425217391|0.0328773766739131|0.380694036521739|-0.220640292436957
4|12|4|12|0.0326699716633333|0.00241516259019608|-0.0226159354313725|0.138129939916471|-0.098733235372549|-0.0568306535470588|-0.0625086985784314|-0.1941602972|-0.080845100272549|0.00487835794117647|0.255191492990196|-0.111982191447059|0.161268230154706|0.0156315910333137|-0.0246810833392157|0.0616507166980392|-0.0166771725082353
5|12|5|12|0.0636237568327869|-0.0493281733262295|0.0798244568180328|0.230672593114754|-0.174967084639344|0.0113820599131148|-0.241064349721311|-0.143868272885738|-0.130538981132787|0.0468988697540984|0.176598692655738|-0.261496565898361|0.0162815453606557|0.00891991761311475|0.0123418553803279|0.0289201456934426|-0.013212840047541
6|12|6|12|-0.235607185033333|0.19137270056|0.171474000866667|0.083907082125|-0.017661749435|0.0239504464626667|0.010569757505|-0.0199866541433333|0.0419799361083333|0.0818083852738333|0.15706511695|0.00220615496116666|0.022700424095|0.0042722982335|0.0232429679216667|0.0309709505313333|0.0118416841333333
1|13|1|13|-0.231462709105263|0.0194304158877193|0.152160966852632|-0.190905932631579|-0.447119510526316|-0.204509715375614|-0.0229089170754386|0.0741273597017544|0.126014216489474|0.253532325631579|0.118031208750877|0.302576933403509|0.229037956496491|0.0124904895157895|0.011902906|0.0222450741614035|0.0335795302807018
2|13|2|13|-0.480080060363636|-0.247165637745455|-0.285177288672727|-0.323344232581818|-0.586022409090909|-0.504002904418182|-0.211194498501818|-0.293383223927273|-0.240720823|-0.15090472406|-0.0278380090472727|-0.104131147823636|0.107301253870909|0.0134427051454545|0.0436485618036364|0.146500936|-0.0335896854254545
3|13|3|13|-0.385554490319149|-0.014212010202766|0.120050767521277|-0.346608657340426|-0.45664123893617|-0.304013848034043|-0.174691860038298|0.0665268394489362|-0.034630804087234|0.0821411398170213|0.0266434248106383|0.257421061128511|0.207435719|-0.0477491987|0.0220198444893617|0.26126376212766|-0.129205690319149
4|13|4|13|-0.00935147348163265|0.0253459476734694|0.154652093530612|0.264214260326531|-0.00193284292653061|0.0921106028122449|0.100550894587755|-0.106178686469388|0.013649216527551|0.150538936606122|0.360646362877551|0.00767543343469388|0.191102234|-0.0313853361489796|0.0209112877122449|0.0302309096714286|-0.019921940122449
5|13|5|13|0.0328062514403509|-0.0303584248157895|0.087427326231579|0.237964693460702|-0.047896000245614|0.106886230594386|-0.25106304754386|-0.170676014929825|-0.0652523063612105|0.0936059842982456|0.298745382305263|-0.116504835842105|0.175957474047544|0.0144234182722807|-0.0235598900684211|0.0407220729824561|-0.0309467302614035
6|13|6|13|-0.262990626162903|0.0363424960967742|0.0764724259225806|0.169895805430645|0.0656536996983871|0.0584183074479032|-0.101926540451613|-0.042663103|0.14650938193871|0.0815111222612903|0.300750657951613|0.050207734033871|0.0544469963870968|-0.000126342648387096|0.00324191442096774|0.0857282517490323|-0.00488786835483871
1|14|1|14|-0.358804611016949|-0.143666881322034|-0.175528830052542|-0.255900962474576|-0.363463832288136|-0.323114421728814|-0.159441618728814|-0.420295651864407|-0.36097030020339|-0.0368327907423729|0.164708200554237|-0.0398346768694915|0.200917234084746|0.0594629443644068|0.00846107225254238|-0.0667097349779661|0.0667402088518644
2|14|2|14|-0.389133559537037|-0.366543121851852|-0.367877189296296|-0.263935056981481|-0.487347927037037|-0.52152949537037|-0.389723705407407|-0.521877343333333|-0.501572597962963|-0.168723817533333|0.0399288326018519|-0.287413084037037|0.076347168|0.072254155537037|-0.00915395983333333|-0.223951414444444|0.133237047185185
3|14|3|14|-0.349609935577778|-0.00777749593111111|-0.0984339940222222|-0.2710115324|-0.306938978377778|-0.295300085844444|-0.250106322244444|-0.207057454377778|-0.113453380786667|0.000464165078|-0.00170923580888889|0.0800347917133333|0.05293374262|0.00354991522222222|0.106421773333333|0.0597397677777778|0.00564980115555555
4|14|4|14|-0.145044030516667|-0.0904275272388889|-0.0357959046777778|0.00357106024444444|-0.232143578944444|-0.149511316833333|-0.107487047964444|-0.34128282392963|-0.0834989971537037|0.015368050237037|0.19841410045|-0.171970730796296|0.0740675933385185|0.0276023255666667|0.014669054387037|0.00323595271481481|-0.0595805713703704
5|14|5|14|-0.245905018933333|-0.138431166621667|0.00253022625|0.0237594244966667|-0.212196767033333|-0.0690826053566667|-0.306015725890333|-0.2780036534|-0.198897454968333|-0.0374702781666667|0.214251895888333|-0.191031011271667|0.0125408702516667|0.00742967239083333|0.017584753905|-0.102584280416667|-0.00588886871333333
6|14|6|14|-0.442950364647059|-0.149752054909804|0.0313442249705882|-0.158599091641176|-0.231153333607843|-0.0887922483196078|-0.236882321219608|-0.277833948752941|0.023333252745098|-0.131771172645098|0.175722996629412|-0.190837039343137|0.121643800647059|0.017729670654902|0.0116599807576471|0.0458760838431373|0.0230340470960784
1|15|1|15|-0.395518048333333|0.0291755441388148|-0.00590768681611111|-0.292088318740741|-0.330560047666667|-0.186832027011111|-0.149193146411111|-0.339593023611111|-0.0485169126196296|0.0782256056231481|0.0164170631888889|-0.04588148655205|0.00706010794259259|0.0113831357222222|-0.0788266042777778|0.0405576878518518|-0.128636380174074
2|15|2|15|-0.505013560208333|-0.149770907839583|-0.250961613735417|-0.439499582708333|-0.468496864166667|-0.313514801541667|-0.284366648060417|-0.4652097360625|-0.219122886220833|-0.0383017813479167|0.10096009774375|-0.291977707054167|0.144010749210625|0.0443572382083333|-0.0221758428125|-0.3663517925|0.167930232770833
3|15|3|15|-0.445576739047619|0.0233642533238095|0.18074894412381|-0.377130942619048|-0.386323443795238|-0.117402352561905|-0.246346934452381|-0.134716107404762|-0.0645117088119048|-0.0581788548595238|-0.0799656144309524|-0.110970740980952|0.0564155791166667|0.0334675068309524|0.0167093419811905|0.306097728642857|-0.130835428642857
4|15|4|15|-4.22904796610179e-05|0.0966857195491525|0.151053127327119|0.240022781071475|-6.7038305084726e-06|0.039756001679661|0.10547568285661|-0.154626052352542|-0.00867259700677966|0.157506318561017|0.242818344188136|-0.0544036755389831|0.208016817940678|0.00128044672722034|0.0122376311237288|0.027477776|-0.0080464752279661
5|15|5|15|0.0627177564339623|-0.0344990030962264|0.0993963491132075|0.267947792641509|-0.173615099864151|0.0650475083622642|-0.188670854654717|-0.130161072926415|-0.0512384435037736|0.0328961071132075|0.293685314135849|-0.199913549754717|0.0570238664471698|-0.00231995023396226|0.0222929098130189|0.0618239320358491|0.130430724509434
6|15|6|15|-0.148912121697222|0.240597438814583|0.0627474804925|0.114787481842222|0.0141056829361111|0.00103397312222222|-0.154987482663889|-0.146020121881944|0.000812185868055555|0.127358410820833|0.273485129381944|-0.196344267730556|0.0886671328836111|0.00415722316152778|-0.0187121703680556|-0.0294509539583333|0.00183580722083333
1|16|1|16|-0.350681958176471|-0.0270392028607843|0.0309811083103922|-0.330912145882353|-0.396511933696078|-0.453928997882353|-0.184031594529412|-0.0870475841176471|-0.285078729888235|0.175600477686275|0.0921999142870588|0.179727428509804|0.1076755658|0.014808426|0.0100011474509804|-0.109617479829412|0.0878579411176471
2|16|2|16|-0.438031145882353|-0.223644983547059|-0.301508248862745|-0.332237727509804|-0.535799234509804|-0.519560112156863|-0.380643599411765|-0.311988459980392|-0.419784041764706|-0.0937396805764706|0.0673443714078431|-0.279231071313725|0.13453789232549|0.0238927530392157|0.0808783829|-0.269905448235294|0.175222850392157
3|16|3|16|-0.447958436170213|-0.00264587983404255|0.0352940709170213|-0.368978400468085|-0.417064208808511|-0.376637686702128|-0.282624940382979|0.0791059230361702|-0.121321578170213|0.0201391853085106|-0.0148414437446808|0.041547289106383|0.102927876712766|-0.163042575021277|-0.0449862704468085|0.12649939587234|-0.0557949436914894
4|16|4|16|-0.00757859632753623|0.149987934068116|0.131560420550725|0.203452532052174|-0.027202812815942|0.0110173707550725|0.138693078721014|-0.174805735936232|0.207112798289855|0.240617264101449|0.320055144681159|0.000688060278260866|0.232631765847826|0.0179629102608696|-0.000160159956521735|0.00778734771304348|-0.0231777141086957
5|16|5|16|-0.0162371376025641|0.0673569419466667|0.0525158714|0.267452462051282|-0.0110757034462821|-0.00527777880897436|-0.117570139566667|-0.180188922417949|0.00791532346153846|0.0924921398371795|0.344673907153846|-0.0835937870487179|0.211078134223077|0.00591798000538462|0.0410077142538462|0.0368086385512821|-0.00384551201153846
6|16|6|16|-0.34641362517|-0.1830181401|0.130679193077143|0.06559671734|-0.0185799188572857|0.0652078600842857|-0.125551597817143|-0.2155078006|0.100235755224429|-0.121302340485714|0.353266127962857|-0.124998552485714|0.090987582813|0.0539272789731429|0.0259656101685714|0.00521399480614286|0.0564784675285714
1|17|1|17|-0.414940955557377|0.00857138068540984|-0.0933328732232787|-0.43680842295082|-0.40049341595082|-0.446731876721311|-0.102582658990164|-0.0761681172065574|-0.163270727868852|0.174349227754098|0.0274103270236066|0.351564688770492|0.152044228696721|0.0631849965737705|-0.00860624890163935|0.0733299990819672|0.0101386455737705
2|17|2|17|-0.5292345090625|-0.15669437456875|-0.258321394134167|-0.576044001875|-0.474055998333333|-0.552822976041667|-0.230933831489583|-0.210551597316667|-0.349178571291667|-0.184408514979167|-0.0890136151333333|-0.103520890333333|0.0865541719604167|0.0589956285104167|0.0683932524979167|-0.0275795836041667|0.105621270333333
3|17|3|17|-0.514562240434783|-0.155801013828261|-0.113333185608696|-0.508557029565217|-0.559085845869565|-0.452939005217391|-0.279498021580435|-0.0744451681576087|-0.154726798605435|-0.0553633752984783|-0.0445946372391304|-0.0258920214847826|0.163045288093478|-0.0617784494130435|-0.120553975717391|-0.0798154573913044|0.00739991945652174
4|17|4|17|0.0284866289765625|0.135749049678125|0.183913630364062|0.232009757914063|0.0885338998796875|0.099508166859375|0.167684958779688|-0.148799346228125|0.123430240928125|0.126009669051562|0.38152125453125|-0.0181759388351563|0.3586823609625|-0.0091761503225|0.00281352192328125|0.02454278904375|-0.0571530263296875
5|17|5|17|-0.0325532545820513|0.0455207736730769|0.107584733661538|0.257118196283333|0.0739987319439744|0.0847226210125641|-0.139034612666154|-0.162736719461538|0.0601796814102564|0.119058407512821|0.426849040797436|-0.115635141833333|0.314617814282051|0.0151142472629487|0.00301967217179487|0.0443821693333333|0.0704568026666667
6|17|6|17|-0.115141826580282|0.0546075608732394|0.0834467170676056|0.188447976580282|0.0279305879725352|0.0265752327492958|0.00656792310211268|0.0154847631971831|0.131970584167183|-0.0494678208816901|0.374273668633803|-0.0465567390414085|0.242850862323944|0.00777276090309859|0.0190444742957746|0.0150996692507042|-0.0530255507746479
1|18|1|18|-0.362107081928571|0.0639302961089286|0.00488361554716071|-0.34877438|-0.337293285178571|-0.206330044373214|0.0182394601107143|-0.281459547160179|-0.2355977771125|0.131646853132143|0.0893293589464286|0.17563858115|0.269967615048214|0.0392682820178571|0.0230035141785714|0.0191852722589286|-0.0632236084642857
2|18|2|18|-0.517596843103448|-0.249448649272414|-0.406885286189655|-0.442089377068966|-0.466043113965517|-0.512443088275862|-0.304205040627586|-0.502729412913793|-0.322333066448276|-0.218615528237931|-0.0290342554637931|-0.338125776827586|0.0772586583160345|0.0145957021172414|0.0709435610091379|0.0481783979310345|-0.120113838534483
3|18|3|18|-0.435841503272727|-0.14009430376|-0.0976588500545455|-0.334193776218182|-0.430209134836364|-0.313077962145455|-0.300670600338182|-0.235263359818182|-0.211649515774545|-0.0768405979909091|0.00593003606623636|-0.159221075909091|0.0717609181272727|-0.0270513275454545|-0.0321249909363636|0.124796231545455|-0.0583528372090909
4|18|4|18|0.0512363267736842|0.171289880184211|0.1714594817|0.234747570824561|0.00687195409298246|0.0437438879403509|0.113674949989474|-0.150376356784211|0.1032033883|0.304581057473684|0.459090849721053|0.0492559518473684|0.329617466666667|0.0146348425982456|0.0111668165140351|-0.040857837877193|-0.048496385377193
5|18|5|18|0.0156695760694521|-0.0437104539219178|-0.017642153260274|0.200295939657534|-0.157432016482192|0.00408966055068493|-0.250059300982877|-0.264498462054794|-0.100456190560274|0.0447928488520548|0.361013970013699|-0.212559690808219|0.098540152739726|0.00991716683630137|0.000636839232876713|-0.0325280581041096|-0.00680588488767123
6|18|6|18|-0.0975278056098923|0.264460073876923|0.324275538923077|0.159761097664615|0.0551692814758462|0.166856209441538|0.0551564162938462|-0.0556054116769231|0.193083855989231|0.339472649138462|0.393635924092308|0.159375426572308|0.320132235323077|0.00780201507692308|0.0285001830563077|0.00323848521692308|0.0290040708784615
1|19|1|19|-0.176447542226923|0.05707673046|0.351860011634615|-0.214787048403846|-0.388095890192308|-0.0054044236|-0.0936162175923077|-0.0765832364115385|-0.0330194535942308|0.307394950576923|0.124998092238462|0.174359231311538|0.250382686807692|-0.0347371576365385|0.00980404751923077|0.0110769714807692|-0.0306780626346154
2|19|2|19|-0.344101732195|0.01976741622|0.0488512923725|-0.273942744225|-0.364347950525|-0.187567271425|0.0111728554515|-0.191499705925|-0.15202952495|0.1670048042575|0.296851347275|0.0750700310425|0.260346441375|0.0217096617725|0.00585621357499999|-0.235635805125|-0.004332930875
3|19|3|19|-0.323137202076923|0.0126113511538462|0.293956386538462|-0.240575873128205|-0.387547819487179|-0.116947001820513|-0.147027421297436|0.101341293433333|0.195664853055641|0.226461674461538|0.174679438294872|0.163417975410256|0.185185491589744|5.44181692307714e-05|0.0187805524358974|0.444101172307692|-0.0465227397435897
4|19|4|19|-0.315288055164384|-0.00741060234232877|-0.00357815742876712|0.091700311709589|-0.0925759101945205|0.0185381853307808|-0.0192868116287671|-0.39302195830137|-0.147366971379452|-0.0538580142455342|0.268456602178082|-0.192451620806849|0.0978646251164384|0.0358415172794521|-0.0203678172205479|-0.000867430025479454|0.0441186431780822
5|19|5|19|0.0424164044835616|-0.0362605168315068|0.0261012090616438|0.199135943480822|-0.11251381169863|0.0286308635315068|-0.283665469939726|-0.291796963682192|-0.113976427853425|0.00178112668493151|0.29073713539726|-0.24702361689726|0.0645676883|0.0134942698739726|0.00551845562821918|0.0134763448589041|0.0363689816575343
6|19|6|19|-0.25318866264|0.292492930166145|0.293722260911807|0.135277438|0.0838227031284337|0.117028928487952|0.249209411510602|-0.156450013338554|0.0518654912277108|0.168481196584337|0.211317149549398|0.0778651216506024|0.0457006718048193|-0.0211074851851807|0.0113723793|0.0237185899156627|-0.0231373792650602
1|20|1|20|-0.227319943784314|-0.00368602589490196|0.239414630235294|-0.257051149084314|-0.475080055294118|-0.152723042398039|-0.0966990321215686|0.00139730354666667|-0.0890585991356863|0.291882701372549|0.0864817772705882|0.206699112843137|0.0212252251039216|-0.00401248347058823|0.0302966773176471|-0.00410840288235294|-0.0507534771176471
2|20|2|20|-0.448492302764706|-0.155662086254902|-0.109083616015431|-0.475001504117647|-0.55340726627451|-0.448063672745098|-0.157268645741765|-0.260134951568627|-0.268367738086275|0.0274686447058824|-0.0202231093223529|0.00461127344235294|0.119029196719608|0.00577248834509804|-0.0550380312745098|-0.321605242941176|0.0935845972392157
3|20|3|20|-0.497514721777778|-0.04949564172|0.0511864886377778|-0.450948560266667|-0.4985269758|-0.480248953555556|-0.221550022017778|-0.0945291604666667|-0.101961723088889|-0.102474919222222|-0.112876280435556|-0.0374111876106667|-0.0429685325555556|-0.0553990875311111|0.0429476564444444|0.2715168114|-0.0869661038
4|20|4|20|-0.0618890358893939|-0.00500928635151515|0.00873886492424242|0.136601130674242|-0.124408290681364|-0.0831229746409091|-0.0327018882469697|-0.314720986151515|-0.144654837851515|0.0408663540363636|0.22971324275|-0.174980134954545|0.13363534380303|0.0295022701836364|0.0217677662666667|-0.00599574422121212|-0.0288132790984848
5|20|5|20|-0.0732793888890411|-0.164770675523288|-0.0103801728945205|0.0982414306372603|-0.316121168630137|-0.0782931602976712|-0.358192762694521|-0.360072092194521|-0.235150618682192|-0.0784367685864384|-0.00613414861917808|-0.305415318547945|-0.133751440545753|0.0146216248869863|0.00600846000123288|-0.0224480902794521|0.0249852990958904
6|20|6|20|-0.213034275557353|0.274452420529412|0.276898539791176|0.116642082939706|0.0212201874367647|0.0284929205607353|-0.0430078509941176|-0.0784003340588235|0.00832392052941177|0.187758018548529|0.262706879425|0.0116918216382353|0.199653647476471|0.00103809244558823|0.0201551673544118|0.0627119737058824|-0.0641137736205882
1|21|1|21|-0.159448399551923|0.0431149928317308|0.0951469189174423|-0.195103003780769|-0.364918893846154|-0.296175012211538|-0.01686389495|-0.0170361394057692|-0.140755965930769|0.232789920596154|0.201672106271154|0.385567790384615|0.207788240815385|-0.00341850440384616|-0.01283037275|0.0148503607692308|-0.0623046498461538
2|21|2|21|-0.417990596617021|-0.0961003618297872|-0.136431040812766|-0.267817083638298|-0.297830831408511|-0.395904943744681|-0.144902649710638|-0.101887933444681|-0.360449590021277|0.029334838793617|0.167901534925532|-0.0184299309085106|0.20815593406383|-0.031592032893617|-0.0664956520638298|-0.217555238085106|0.1652581083
3|21|3|21|-0.437231469111111|-0.146948731184444|0.132318102757111|-0.288856976111111|-0.431506656453333|-0.304566054624444|-0.221663381608889|0.0476218594644444|-0.0827761198333333|0.0117020858033333|0.01064073576|0.130888037993333|0.221357994106667|0.0325317716666667|-0.0416673577777778|0.345962371111111|-0.06503926268
4|21|4|21|0.0879110564870588|0.173532229868235|0.127984474170588|0.244349529764706|-0.0118456245047059|0.0250360370447059|0.0890460544552941|-0.16118334856|0.0208820463952941|0.250062689644706|0.327937039236471|0.0449663254035294|0.248299546952471|0.0424169609831765|-0.00161665603176471|0.0039913382917647|0.0503097159294118
5|21|5|21|-0.0850076160265618|0.0366345350988764|0.0292119055213483|0.156072448511236|-0.11577347441236|-0.0494048593741573|-0.187974567774157|-0.248811283196742|-0.0796430681910112|0.0947666458898876|0.29194637176382|-0.141992346874157|0.149979231510112|0.0169999900124719|-0.023120938352809|-0.0863232009393258|0.0771729732247191
6|21|6|21|-0.5170305295|0.0857486930922889|0.0249888787754444|0.0883780669131111|-0.0257551308055556|0.043929421471|-0.105481413654444|-0.407760367|0.266238545|-0.101802808811111|0.299647660524444|-0.20657270175|0.209995237416667|7.52968693333333e-05|0.0209488810833333|0.0771675159455556|-0.0414774911111111
1|22|1|22|-0.2183853882|0.309767108065217|0.306473449913043|-0.102095050734783|-0.0787882256|-0.00391608825652174|-0.0375243720869565|-0.11413463273913|0.06771682861|0.368620829130435|0.0976461805652174|0.210282322456522|0.279574103891304|-0.00700273821739131|0.0411484050869565|-0.0882211719565217|0.0508926570863044
2|22|2|22|-0.21396827747619|-0.0343404000452381|-0.0330889778857143|0.0466071941261905|-0.270497675785714|-0.161561379016667|-0.203542110833333|-0.170789279261905|-0.147429136850952|0.29374477|0.187559363004762|-0.224891603642857|0.263527183357143|0.0440866626738095|-0.0592812958095238|-0.312935454047619|0.0874484139761905
3|22|3|22|-0.367713771944444|0.0282644422805556|0.183154050991667|-0.244503497722222|-0.400892381111111|-0.198861107138889|-0.191963043893889|-0.0324962109133333|0.01292707115|0.130782546102778|0.138397615911111|-0.0581080717|0.339656340833333|-0.0477293001888889|-0.0517115658333333|0.2258319625|0.0289312474444444
4|22|4|22|-0.162725371198387|-0.0080693304516129|-0.099919259516129|0.214704630348387|-0.0605385147354839|-0.0355355531241935|-0.0392582344514516|-0.273301879941935|-0.11797502196129|-0.0543672717149677|0.207314701474194|-0.17107118966129|0.0911684162903226|-0.00310506776290323|-0.0152935294256452|0.0570502921935484|-0.00874391463064516
5|22|5|22|0.00672335972539683|-0.122387998604286|-0.0427793764015873|0.227103206142857|-0.243211290984127|-0.0266151295539683|-0.391232979904762|-0.374460047253968|-0.177196579598413|-0.0729359541825397|0.106970242863492|-0.382818529412698|-0.182923596577778|0.00462641322539682|0.0194333314460317|0.0311652005079365|-0.0486648156222222
6|22|6|22|-0.224663531040542|0.0878775831008333|0.214869419902778|0.0734034055506944|-0.12196479475|0.0415523452236111|-0.116959069579167|-0.143181333825|0.0627250150652778|0.0988290426666667|0.208852833405556|-0.0786142233430556|0.112423708402778|0.0276393547430556|0.0484043605875|0.00993819332222222|0.0510977907694444
1|23|1|23|-0.271218699661017|0.107804588864407|0.121798905935593|-0.269875748525424|-0.278843950576271|-0.366737656932203|-0.00734779774576271|0.166489215586441|-0.0544726683728814|0.281811709254237|0.15173584590678|0.409521611525424|0.176693448469492|0.0304546177791525|-0.0766106376715254|0.0274852541694915|-0.0703351409440678
2|23|2|23|-0.416950400284314|-0.188068413803922|-0.20350714824902|-0.278707884980392|-0.357319836562745|-0.443171315294118|-0.0887030529117647|-0.136461407760784|-0.413452415980392|-0.0111619282254902|0.148281880568627|0.079223297227451|0.233770059509804|0.0310652768554902|0.0332454765882353|-0.311531826862745|0.0614662024705882
3|23|3|23|-0.23469362537037|0.0130298524666667|0.178520969805556|-0.210126610722222|-0.181909200418519|-0.179004310844444|0.0216333667314815|0.0881284260055556|-0.060331719512963|0.167846645746296|0.0579874222987037|0.402651090185185|0.221849483707407|-0.0787097195925926|-0.0309622597407407|0.139336003333333|0.0263468348703704
4|23|4|23|0.0459466909620588|0.130083858026471|0.0837341059411765|0.285643525808824|-0.0438597429455882|0.0323132713205882|0.0704401990367647|-0.0826203849176471|0.137545517458824|0.162284907683824|0.199533745057059|0.125456560348529|0.0531832551514706|0.0115616352485294|-0.00224226963529411|0.0360777403426471|-0.0386059614044118
5|23|5|23|-0.00428156514117647|0.00252026687779412|-0.00225195262220588|0.201179907463235|-0.0878295931260294|-0.0988283243558824|-0.291595924892647|-0.197834986461765|-0.163986972797059|0.0611889890617647|0.261655799526471|-0.121999620029412|0.128376237985294|0.0118790023266176|0.0156168896279412|0.0176589417794118|-0.0703326196852941
6|23|6|23|-0.424151160897222|0.0637688819034028|0.298416658291667|0.206066869445833|0.0982745766404167|0.230107945944444|0.13145543361875|-0.1472313939875|0.289184530733333|0.0359321171277778|0.338094710990278|0.102453271218056|0.225885068995833|0.0157281639125|-0.008233394775|0.105744482036111|0.00520700388888889
1|24|1|24|-0.312046342362069|-0.067892712362069|0.0275268023637931|-0.253177488803448|-0.439634005689655|-0.400928133965517|-0.0550991955691379|0.0479956663948276|-0.224671550446552|0.153588267505862|0.102850167901724|0.351492001672414|0.209200417647241|-0.00303003688275862|-0.102713928482759|0.0465671147068966|-0.137551607358621
2|24|2|24|-0.502463282542373|-0.271713646627119|-0.0999242115191525|-0.392831269898305|-0.508876718135593|-0.426530074576271|-0.187707848118644|-0.067744122479661|-0.343569679050847|-0.113727064838983|0.0077672679220339|-0.0612402085|0.0122259033220339|-0.0190694556338983|-0.00932266703898305|-0.197302296508475|0.182384802705085
3|24|3|24|-0.541663870181818|-0.0116848720163636|0.201299074453455|-0.398144618|-0.415305377727273|-0.297520697545455|-0.0545287366636364|0.0935884644618182|0.0208409579327273|-0.0364416083527273|-0.00198537142181818|0.164772642932727|0.0997292208543636|-0.0563071787363636|0.00706070274545454|0.0551508812727273|-0.0379216355272727
4|24|4|24|-0.0165992981941176|0.00154835032647059|0.0972629587797059|0.187752123742647|-0.0884463992352941|-0.00446178350882353|0.0410327203470588|-0.281538204205882|-0.0466430854957353|0.0943831689514706|0.353544370380882|-0.103804539543971|0.212296511463971|0.0205587512469118|-0.00503036659779412|-0.00106301174852941|-0.0370440296588235
5|24|5|24|0.105320736681159|-0.0931357413927536|0.00146072794202899|0.207088443601449|-0.131947804072174|0.081477374984058|-0.289553437595652|-0.12902696413913|-0.0650613444028986|-0.0499986378695652|0.293291552663768|-0.221536877376812|0.144869050927536|0.01294374399|0.0208373898065217|-0.0355583003884058|0.0012171928115942
6|24|6|24|-0.401945415305556|0.2808890233625|0.242669191758333|0.152359886551389|0.0753041126791667|0.0862692032513889|0.213437011386111|-0.1812152290875|0.258571516181528|0.0811245566805556|0.347309299402778|0.0544279335515278|0.261813945015278|0.0169966002519444|0.00373768258055556|0.0431254071527778|0.00824536256944445
1|25|1|25|-0.347641742675676|-0.163298427206757|-0.144487390175676|-0.223500510481081|-0.54613878577027|-0.463291946486486|-0.333688631904054|-0.327099559036351|-0.196973168236487|0.0526493104482432|0.135338842345946|-0.151513801493243|-0.00363397452945946|-0.0313601189563514|0.0971389151824324|0.034640032472973|0.0269911246081081
2|25|2|25|-0.593367433030769|-0.379518455061538|-0.463511984138462|-0.410294109653846|-0.601971415384615|-0.612389227538462|-0.380037333615385|-0.549103238769231|-0.254971244461538|-0.273261579076923|0.0278971843696923|-0.414531992523077|-0.0511617273270769|0.0137047529692308|0.0261519510461538|-0.201479438307692|0.0562698672615385
3|25|3|25|-0.554632665344828|-0.173414057262069|-0.152008268862069|-0.419732508103448|-0.544902332586207|-0.423798006068966|-0.269850388246552|-0.474769376551724|-0.191973774948276|-0.17216563837931|-0.000259638109310345|-0.159588770951724|-0.101278802667241|-0.0710775796206897|-0.0854018992413793|0.0191770764655172|0.050637295862069
4|25|4|25|-0.0316398345215385|0.125306723301538|0.108178546465692|0.176656276830769|-0.0408130188664615|0.0587166219230769|0.136192219210769|-0.300483308276923|0.0368690794884615|0.194658204369231|0.300439878492308|-0.0911441489753846|0.253370240815385|0.00795462410923077|-0.00733065523846154|0.0426911872830769|-0.0504620113735385
5|25|5|25|0.03435282285|0.0009277035|0.195387683037973|0.186395511032432|-0.108166388858784|0.0868078890175676|-0.185802650362162|-0.224933997248649|-0.0699344712864865|0.153959874551081|0.308447500314865|-0.169383482278649|0.0811606181486487|-0.00609315455810811|0.0127270486594595|0.00518333306756757|0.0259984624054054
6|25|6|25|-0.403359505161644|-0.0800093983775342|-0.0315562255205479|-0.0416113196575342|-0.279813645884932|-0.109253586720137|-0.205003716106849|-0.262888528465753|-0.139861213767123|-0.241575056393973|0.200493940424658|-0.334849564949315|0.0859903395931507|0.0683084738424658|0.203259965863014|-0.0637531658986301|0.0263012769410959
1|26|1|26|-0.299293909932203|-0.053962302640678|0.240364343627119|-0.254935528889831|-0.408094837118644|-0.245889004932203|-0.0837596098474576|0.132622788732203|-0.0631030040627119|0.174398099661017|0.0423616587694915|0.220811667864407|0.194215469318644|0.0467814119830509|-0.00473099461016949|-0.0325032479491525|-0.0281317273728813
2|26|2|26|-0.384393859890909|-0.231358959054545|-0.189088586758182|-0.222513914852727|-0.477676635818182|-0.378521914981818|-0.0693017133890909|-0.0956417028527273|-0.216500720145455|-0.0172240385858182|0.0571545019854545|-0.0255131300387273|-0.0512559511836364|0.0418995553890909|0.0466143060363636|-0.138231470909091|-0.0235172304854545
3|26|3|26|-0.5514383554|0.0044402193|0.1399744981|-0.5212878612|-0.4566796268|-0.3450157917|-0.10932502666|0.042572962348|-0.01372893002|-0.152993475556|-0.084571896612|0.00599108142158|-0.00434100877638|0.076784770398|-0.0461740932|0.0329273354|0.0299250040002
4|26|4|26|-0.14901757589359|0.112830239679487|0.0745313733174231|0.17657695075641|0.0466390168589744|0.0548784456073077|0.106739301755128|-0.38419769075641|0.0345111450307692|0.0890797482948718|0.336786740217949|-0.185666085064103|0.300529363615385|-0.00026885276025641|0.0334113465417949|-0.00143055610282051|-0.0506427197858974
5|26|5|26|0.0910191269432432|0.00216184868918919|0.145511756677027|0.267659898704054|-0.0854585422074324|0.0492957974902703|-0.166415001236892|-0.118659609293919|-0.012085913522973|0.0663748187851351|0.221668476393243|-0.144605013921622|0.104516777617568|-0.00521489950959459|0.0272384216905405|0.0256719634454054|0.0115717912027027
6|26|6|26|-0.210237992646053|0.274378315092105|0.374613940986842|0.137090425315789|0.127044302263158|0.148820983839737|0.153049810180263|-0.0665477247486842|0.206193013839342|0.277268278907895|0.350704034325|0.111740579146316|0.239935477563158|-4.19627976315778e-05|0.02649011025|-0.0106550011052632|-7.91468210526309e-05
1|27|1|27|-0.301660253842105|0.154280392119298|0.248446349|-0.268722350470175|-0.226365823631579|-0.199017301947368|-0.0405734629829825|0.00198569075263158|-0.128721382112281|0.243535983807018|0.0162107116964912|0.148717231122807|0.085975680254386|0.0125394930526316|0.0248390150824561|0.132261637894737|-0.11575159945614
2|27|2|27|-0.465425792352941|-0.18135640627451|-0.261550401|-0.361648357411765|-0.372671804901961|-0.454277803078431|-0.238720731606078|-0.125411020767647|-0.430102512941176|-0.0126842499664706|0.116287371670588|-0.128116124333333|0.184859987184314|0.0302610459509804|0.0173688089411765|0.0361343766666667|-0.0322198925215686
3|27|3|27|-0.390366905|0.0530611096231818|0.154663327609091|-0.331351997727273|-0.294651710159091|-0.20334131025|-0.181812746586364|0.2321868966475|0.0367238492251136|0.0640204520170455|0.103796321231818|0.0988527908931818|0.084123192215|-0.109720268022727|0.000934885772727272|0.322535211136364|-0.165675378727273
4|27|4|27|-0.0585153003971429|0.144625790198857|0.121635059074286|0.194318820804286|-0.0105794955342857|0.03477278444|0.0280636008338571|-0.159439066752857|0.0218168994742857|0.207855626508571|0.357920769852857|-0.0230774093425714|0.224975047905714|-0.000321402391857144|0.0256382561075714|0.02180281181|-0.0520481359642857
5|27|5|27|0.13780485515|0.06545831223625|0.09125639792625|0.29614372759125|-0.03292309817125|0.055479501535|-0.24681962557625|-0.1390560867165|0.05763026998875|0.17782530310375|0.3290143599625|-0.16571391208|0.21289531030875|0.01721205718025|0.03469933958|-0.03700329040125|0.001785109175
6|27|6|27|-0.173719387825676|0.254636552121622|0.360078542418919|0.0961256024564865|0.0629930660081081|0.148092918859459|0.0911101099674324|-0.0195690475405405|0.254804846483784|0.368679681202703|0.405104858945946|0.174311654377973|0.348321453205405|0.0216426473783784|-0.00947344800405405|-0.0190230964837838|-0.0215434865810811
1|28|1|28|-0.375046889351852|-0.05612513965|-0.0130058804962963|-0.353217731666667|-0.492410732962963|-0.301043747996296|-0.0620196965592593|-0.150925257205556|-0.155076023555556|0.107450069401852|0.123016249824074|-0.00198466764814815|-0.07608392765|0.00631194320370369|-0.0430248398888889|0.112201222111111|0.0109290042962963
2|28|2|28|-0.378981881019608|-0.0852282260803922|-0.192657392490196|-0.232074537770588|-0.362750971627451|-0.30720151845098|-0.115729101443137|-0.251074231431373|-0.303254516480392|0.0202047636666667|0.172325927735294|-0.0526395586039216|0.0991311624941176|0.0617588462745098|0.050281174772549|0.099432944627451|-0.0369654482882353
3|28|3|28|-0.351195267608696|0.0116076206369565|0.202030312067391|-0.276941823673913|-0.393681484543478|-0.073632510748913|-0.0923021807173913|-0.0645307165065217|-0.012251230826087|0.0406977206476087|0.0545998274521739|0.114889052615435|0.131260126216957|-0.13313541226087|-0.049665982673913|0.272631873347826|-0.168532357223913
4|28|4|28|-0.0155481277013889|-0.0192655570097222|-0.00273826957083333|0.147680902402778|-0.211341156344444|-0.0896276806138889|0.0177422487072222|-0.320939754194444|-0.0574600312055556|0.0291999772481944|0.22911153675|-0.137706077690278|0.00249592740972222|0.0123677880686111|0.00766235295972222|-0.00447454344166667|-0.0153563357611111
5|28|5|28|0.000355352684810127|-0.135430639068354|-0.126325359674684|0.146890848677215|-0.350627823255696|-0.119606462673418|-0.316450050358228|-0.35931164035443|-0.197616297073418|-0.0886594278246835|0.133307643270886|-0.317383910594937|-0.112442882634177|0.00760995031037975|0.0150505403316456|-0.0841160234303797|0.0690701331189873
6|28|6|28|-0.33011001977875|-0.07483910088875|0.23330851938875|0.104292020185|0.0010860935176125|0.038219081345|-0.2588609698375|-0.34947254522625|0.123627590803375|0.038386092475|0.26685931489625|-0.18113593077125|0.01188286097125|0.03881748636|-0.0392425155825|0.0207646471|0.05152231346375
1|29|1|29|-0.313574137584906|0.232676315733962|0.120197007067925|-0.201300454630189|-0.0699038849622642|0.00648587851509434|0.180832984196226|-0.362824434528302|0.0619511792726415|0.0998266557713208|-0.0437918181396792|0.0351798881018868|0.0796848521886792|0.0693133134301887|-0.0579199534415094|-0.0795204204528302|0.0167808426037736
2|29|2|29|-0.43825767622449|-0.131972012708163|-0.512761405673469|-0.379789331795918|-0.444248720204082|-0.514054756122449|-0.291046726669388|-0.666814815306122|-0.201814800918367|-0.145077640897959|-0.00164314465612245|-0.399892274714286|0.0535852933469388|0.0555661945040816|-0.0594013960816327|-0.300314023673469|0.122922641102041
3|29|3|29|-0.403870434583333|0.1828974943125|0.045375675810625|-0.270161022958333|-0.206525790529167|-0.135910897154167|-0.172300403285625|-0.376915788125|-0.0201656502508333|0.0204223113808333|0.0327322971791667|-0.1015920763425|0.0844737247270833|-0.0602061182708333|0.0681507695833333|0.125170537629792|-0.113882761572917
4|29|4|29|-0.02866874131|0.107609317655|0.210335313366667|0.277955332916667|0.0277396724596667|0.11719232372|0.0698387733133333|-0.173147233958333|-0.0194301189816667|0.250970927783333|0.33623279745|-0.0696604205566667|0.3077908781325|0.0203556366216667|0.00583557285|0.00135533348666667|-0.0535719711003333
5|29|5|29|0.128678489443077|0.00473420032492308|0.174524531548|0.303254910076923|-0.0558737239646154|0.148596745|-0.105103421435385|-0.149854192615385|-0.0235538798892308|0.179958311861538|0.388020547984615|-0.0723347010092308|0.219867066|-0.0148216215286154|0.0217420439907692|0.0303103782472308|0.0185604180769231
6|29|6|29|-0.0876059706014493|0.328259354627536|0.334787399391304|0.138616312664928|0.134734984846377|0.165235128105797|0.23594998557971|0.0401385255637681|0.250307629215942|0.435846931652174|0.488088499666667|0.233760096173913|0.426301679855072|-0.0125185704144928|-0.00848450109014493|-0.0573700310681159|0.00342009472173913
1|30|1|30|-0.3463571356|0.0306217232524615|-0.0837532847692308|-0.268877781692308|-0.274838924907692|-0.201229692864615|-0.207685653438462|-0.380731546523077|-0.2626507412|0.0483161700923077|0.115010838159538|-0.06888716012|0.102346297253846|0.0530152821107692|-0.0152830439430769|0.0157766417384615|-0.0720167968446154
2|30|2|30|-0.590261485846154|-0.333821697015385|-0.512248393061538|-0.4436963292|-0.536743839846154|-0.626167597384615|-0.336954240521538|-0.642703957846154|-0.483683270815385|-0.312338030213846|-0.0484762641046154|-0.456638670923077|-0.0714398678692308|-0.000180217029230768|0.0868940141184615|-0.0362012018153846|0.0174888582661538
3|30|3|30|-0.463302877096774|-0.0640945645596774|0.0428809889629032|-0.307116650137097|-0.425051654887097|-0.168340698203226|-0.395770150677419|-0.286467078274194|-0.252762856822581|-0.072482764933871|-0.125210388757581|-0.175931348782258|0.0227158393209677|0.00656996201435484|-0.0615355431774194|0.0811338125806452|-0.108973571203387
4|30|4|30|-0.122700486687097|0.00713815064193549|0.0927750236451613|0.136689127145161|-0.127783839180645|-0.021487476616129|-0.0154022432258065|-0.312781565|-0.0503841254806452|0.0705937003967742|0.318768530887097|-0.146608517580645|0.216651118587097|-0.0151925479935484|0.0458753732667742|-0.00759988451290322|-0.020855540333871
5|30|5|30|-0.0532792165508475|-0.237859819881356|-0.0288534478820339|0.0608341046813559|-0.265980374040678|-0.0606641528305085|-0.393526161|-0.302348710389831|-0.248631168027119|-0.111500209335424|0.0494752816016949|-0.318309078220339|-0.131720538194746|0.0172814371937288|0.00416689158813559|0.0515530729949153|0.0328841816898305
6|30|6|30|-0.222958352901429|0.0705691086571429|0.230269753914286|0.0410381510042857|-0.141961208041714|0.0650536847772571|-0.06617939667|-0.239924763457143|0.0674681472885714|0.17601722025|0.172121086168571|-0.0802049169128571|0.107252553754286|-0.0106131241642857|0.0369006013185714|0.0372059086285714|0.0173554758285714
